Output:
   0 100.000092
   1 101.000158
   2 102.000265
   3 103.000436
   4 104.000704
   5 105.001114
   6 106.001728
   7 107.002631
   8 108.003930
   9 109.005761
  10 110.008288
  11 111.011704
  12 112.016228
  13 113.022097
  14 114.029553
  15 115.038832
  16 116.050139
  17 117.063629
  18 118.079382
  19 119.097383
  20 120.117503
  21 121.139487
  22 122.162952
  23 123.187399
  24 124.212232
  25 125.236794
  26 126.260411
  27 127.282439
  28 128.302321
  29 129.319635
  30 130.334132
  31 131.345762
  32 132.354682
  33 133.361240
  34 134.365940
  35 135.369395
  36 136.372259
  37 137.375164
  38 138.378659
  39 139.383157
  40 140.388904
  41 141.395968
  42 142.404250
  43 143.413511
  44 144.423413
  45 145.433569
  46 146.443586
  47 147.453106
  48 148.461838
  49 149.469565
  50 150.476158
  51 151.481559
  52 152.485774
  53 153.488855
  54 154.490880
  55 155.491952
  56 156.492183
  57 157.491699
  58 158.490642
  59 159.489169
  60 160.487457
  61 161.485694
  62 162.484071
  63 163.482766
  64 164.481925
  65 165.481646
  66 166.481965
  67 167.482859
  68 168.484245
  69 169.485997
  70 170.487967
  71 171.490004
  72 172.491973
  73 173.493770
  74 174.495328
  75 175.496614
  76 176.497630
  77 177.498398
  78 178.498954
  79 179.499341
  80 180.499599
  81 181.499765
  82 182.499867
  83 183.499927
  84 184.499962
  85 185.499981
  86 186.499991
  87 187.499996
  88 188.499998
  89 189.499999
  90 190.500000
  91 191.500000
  92 192.500000
  93 193.500000
  94 194.500000
  95 195.500000
  96 196.500000
  97 197.500000
  98 198.500000
  99 199.500000
 100 200.500000
 101 201.500000
 102 202.500000
 103 203.500000
 104 204.500000
 105 205.500000
 106 206.500000
 107 207.500000
 108 208.500000
 109 209.500000
 110 210.500000
 111 211.500000
 112 212.500000
 113 213.500000
 114 214.500000
 115 215.500000
 116 216.500000
 117 217.498047
 118 218.486329
 119 219.458986
 120 220.431643
 121 221.431646
 122 222.458994
 123 223.486344
 124 224.498074
 125 225.000034
 126 226.000056
 127 227.000090
 128 228.000141
 129 229.000219
 130 230.000334
 131 231.000499
 132 232.000732
 133 233.001058
 134 234.001504
 135 235.002105
 136 236.002903
 137 237.003948
 138 238.005301
 139 239.007029
 140 240.009214
 141 241.011947
 142 242.015334
 143 243.019490
 144 244.024545
 145 245.030633
 146 246.037898
 147 247.046480
 148 248.056512
 149 249.068110
 150 250.081367
 151 251.096339
 152 252.113037
 153 253.131424
 154 254.151404
 155 255.172823
 156 256.195468
 157 257.219073
 158 258.243326
 159 259.267878
 160 260.292360
 161 261.316398
 162 262.339628
 163 263.361713
 164 264.382360
 165 265.401335
 166 266.418465
 167 267.433653
 168 268.446869
 169 269.458152
 170 270.467599
 171 271.475352
 172 272.481587
 173 273.486498
 174 274.490287
 175 275.493147
 176 276.495260
 177 277.496787
 178 278.497867
 179 279.498613
 180 280.499117
 181 281.499450
 182 282.499665
 183 283.499800
 184 284.499884
 185 285.499934
 186 286.499963
 187 287.499980
 188 288.499989
 189 289.499994
 190 290.499997
 191 291.499999
 192 292.499999
 193 293.500000
 194 294.500000
 195 295.500000
 196 296.500000
 197 297.500000
 198 298.500000
 199 299.500000
 200 300.500000
 201 301.500000
 202 302.500000
 203 303.500000
 204 304.500000
 205 305.500000
 206 306.500000
 207 307.500000
 208 308.500000
 209 309.500000
 210 310.500000
 211 311.500000
 212 312.500000
 213 313.500000
 214 314.500000
 215 315.500000
 216 316.500000
 217 317.500000
 218 318.500000
 219 319.500000
 220 320.500000
 221 321.500000
 222 322.500000
 223 323.500000
 224 324.500000
 225 325.500000
 226 326.500000
 227 327.500000
 228 328.500000
 229 329.500000
 230 330.500000
 231 331.500000
 232 332.500000
 233 333.500000
 234 334.500000
 235 335.500000
 236 336.500000
 237 337.500000
 238 338.500000
 239 339.500000
 240 340.500000
 241 341.500000
 242 342.500001
 243 343.500002
 244 344.500003
 245 345.500007
 246 346.500012
 247 347.500023
 248 348.500041
 249 349.500072
 250 350.000091
 251 351.000156
 252 352.000261
 253 353.000429
 254 354.000691
 255 355.001091
 256 356.001688
 257 357.002561
 258 358.003810
 259 359.005559
 260 360.007956
 261 361.011172
 262 362.015393
 263 363.020815
 264 364.027629
 265 365.036008
 266 366.046083
 267 367.057933
 268 368.071560
 269 369.086880
 270 370.103716
 271 371.121797
 272 372.140770
 273 373.160225
 274 374.179717
 275 375.198810
 276 376.217104
 277 377.234278
 278 378.250110
 279 379.264500
 280 380.277470
 281 381.289160
 282 382.299802
 283 383.309695
 284 384.319169
 285 385.328544
 286 386.338103
 287 387.348059
 288 388.358537
 289 389.369571
 290 390.381099
 291 391.392979
 292 392.405008
 293 393.416944
 294 394.428532
 295 395.439529
 296 396.449726
 297 397.458958
 298 398.467121
 299 399.474165
 300 400.480101
 301 401.484981
 302 402.488898
 303 403.491965
 304 404.494309
 305 405.496057
 306 406.497328
 307 407.498230
 308 408.498854
 309 409.499275
 310 410.499552
 311 411.499730
 312 412.499841
 313 413.499908
 314 414.499949
 315 415.499972
 316 416.499985
 317 417.499992
 318 418.499996
 319 419.499998
 320 420.499999
 321 421.500000
 322 422.500000
 323 423.500000
 324 424.500000
 325 425.500000
 326 426.500000
 327 427.500000
 328 428.500000
 329 429.500000
 330 430.500000
 331 431.500000
 332 432.500000
 333 433.500000
 334 434.500000
 335 435.500000
 336 436.500000
 337 437.500000
 338 438.500000
 339 439.500000
 340 440.500000
 341 441.500000
 342 442.500000
 343 443.500000
 344 444.500000
 345 445.500000
 346 446.500000
 347 447.500000
 348 448.500000
 349 449.500000
 350 450.500000
 351 451.500000
 352 452.500000
 353 453.500000
 354 454.500000
 355 455.500000
 356 456.500000
 357 457.500000
 358 458.500000
 359 459.500000
 360 460.500000
 361 461.500000
 362 462.500000
 363 463.500000
 364 464.500000
 365 465.500000
 366 466.500000
 367 467.500000
 368 468.500001
 369 469.500002
 370 470.500003
 371 471.500005
 372 472.500009
 373 473.500016
 374 474.500027
 375 475.000034
 376 476.000056
 377 477.000090
 378 478.000143
 379 479.000222
 380 480.000339
 381 481.000509
 382 482.000751
 383 483.001090
 384 484.001559
 385 485.002198
 386 486.003054
 387 487.004189
 388 488.005674
 389 489.007593
 390 490.010043
 391 491.013136
 392 492.016992
 393 493.021738
 394 494.027503
 395 495.034409
 396 496.042557
 397 497.052023
 398 498.062841
 399 499.074997
 400 500.088421
 401 501.102991
 402 502.118539
 403 503.134862
 404 504.151744
 405 505.168977
 406 506.186380
 407 507.203821
 408 508.221223
 409 509.238566
 410 510.255875
 411 511.273202
 412 512.290600
 413 513.308099
 414 514.325681
 415 515.343268
 416 516.360719
 417 517.377834
 418 518.394371
 419 519.410075
 420 520.424698
 421 521.438028
 422 522.449903
 423 523.460227
 424 524.468969
 425 525.476155
 426 526.481861
 427 527.486195
 428 528.489284
 429 529.491261
 430 530.492262
 431 531.492420
 432 532.491872
 433 533.490762
 434 534.489249
 435 535.487509
 436 536.485726
 437 537.484091
 438 538.482778
 439 539.481932
 440 540.481649
 441 541.481967
 442 542.482860
 443 543.484246
 444 544.485998
 445 545.487967
 446 546.490004
 447 547.491973
 448 548.493770
 449 549.495328
 450 550.496614
 451 551.497630
 452 552.498398
 453 553.498954
 454 554.499341
 455 555.499599
 456 556.499765
 457 557.499867
 458 558.499927
 459 559.499962
 460 560.499981
 461 561.499991
 462 562.499996
 463 563.499998
 464 564.499999
 465 565.500000
 466 566.500000
 467 567.500000
 468 568.500000
 469 569.500000
 470 570.500000
 471 571.500000
 472 572.500000
 473 573.500000
 474 574.500000
 475 575.500000
 476 576.500000
 477 577.500000
 478 578.500000
 479 579.500000
 480 580.500000
 481 581.500000
 482 582.500000
 483 583.500000
 484 584.500000
 485 585.500000
 486 586.500000
 487 587.500000
 488 588.500000
 489 589.500000
 490 590.500000
 491 591.500000
 492 592.500001
 493 593.500002
 494 594.500003
 495 595.500007
 496 596.500012
 497 597.500023
 498 598.500041
 499 599.500072
 500 600.000092
 501 601.000158
 502 602.000265
 503 603.000436
 504 604.000704
 505 605.001114
 506 606.001729
 507 607.002632
 508 608.003933
 509 609.005766
 510 610.008297
 511 611.011722
 512 612.016261
 513 613.022158
 514 614.029662
 515 615.039021
 516 616.050461
 517 617.064163
 518 618.080248
 519 619.098754
 520 620.119623
 521 621.142688
 522 622.167676
 523 623.194209
 524 624.221826
 525 625.250000
 526 626.278174
 527 627.305791
 528 628.332324
 529 629.357312
 530 630.380377
 531 631.401246
 532 632.419752
 533 633.435837
 534 634.449539
 535 635.460979
 536 636.470338
 537 637.477842
 538 638.483739
 539 639.488278
 540 640.491703
 541 641.494234
 542 642.496067
 543 643.497368
 544 644.498271
 545 645.498886
 546 646.499296
 547 647.499564
 548 648.499735
 549 649.499842
 550 650.499908
 551 651.499947
 552 652.499971
 553 653.499984
 554 654.499991
 555 655.499995
 556 656.499998
 557 657.499999
 558 658.499999
 559 659.500000
 560 660.500000
 561 661.500000
 562 662.500000
 563 663.500000
 564 664.500000
 565 665.500000
 566 666.500000
 567 667.500000
 568 668.500000
 569 669.500000
 570 670.500000
 571 671.500000
 572 672.500000
 573 673.500000
 574 674.500000
 575 675.500000
 576 676.500000
 577 677.500000
 578 678.500000
 579 679.500000
 580 680.500000
 581 681.500000
 582 682.500000
 583 683.500000
 584 684.500000
 585 685.500000
 586 686.500000
 587 687.500000
 588 688.500000
 589 689.500000
 590 690.500000
 591 691.500000
 592 692.500000
 593 693.500000
 594 694.500000
 595 695.500000
 596 696.500000
 597 697.500000
 598 698.500000
 599 699.500000
 600 700.500000
 601 701.500000
 602 702.500000
 603 703.500000
 604 704.500000
 605 705.500000
 606 706.500000
 607 707.500000
 608 708.500000
 609 709.500000
 610 710.500000
 611 711.500000
 612 712.500000
 613 713.500000
 614 714.500000
 615 715.500000
 616 716.500001
 617 717.500001
 618 718.500003
 619 719.500005
 620 720.500010
 621 721.500018
 622 722.500032
 623 723.500057
 624 724.500098
 625 725.000125
 626 726.000211
 627 727.000349
 628 728.000567
 629 729.000903
 630 730.001411
 631 731.002160
 632 732.003245
 633 733.004782
 634 734.006913
 635 735.009805
 636 736.013648
 637 737.018644
 638 738.024999
 639 739.032907
 640 740.042528
 641 741.053972
 642 742.067271
 643 743.082363
 644 744.099080
 645 745.117136
 646 746.136139
 647 747.155604
 648 748.174987
 649 749.193725
 650 750.211284
 651 751.227211
 652 752.241182
 653 753.253036
 654 754.262797
 655 755.270679
 656 756.277063
 657 757.282463
 658 758.287470
 659 759.292692
 660 760.298689
 661 761.305917
 662 762.314687
 663 763.325132
 664 764.337209
 665 765.350708
 666 766.365285
 667 767.380504
 668 768.395886
 669 769.410955
 670 770.425283
 671 771.438519
 672 772.450408
 673 773.460802
 674 774.469648
 675 775.476984
 676 776.482913
 677 777.487583
 678 778.491170
 679 779.493857
 680 780.495820
 681 781.497219
 682 782.498191
 683 783.498850
 684 784.499286
 685 785.499566
 686 786.499743
 687 787.499851
 688 788.499916
 689 789.499954
 690 790.499975
 691 791.499987
 692 792.499993
 693 793.499997
 694 794.499998
 695 795.499999
 696 796.500000
 697 797.500000
 698 798.500000
 699 799.500000
 700 800.500000
 701 801.500000
 702 802.500000
 703 803.500000
 704 804.500000
 705 805.500000
 706 806.500000
 707 807.500000
 708 808.500000
 709 809.500000
 710 810.500000
 711 811.500000
 712 812.500000
 713 813.500000
 714 814.500000
 715 815.500000
 716 816.500000
 717 817.500000
 718 818.500000
 719 819.500000
 720 820.500000
 721 821.500000
 722 822.500000
 723 823.500000
 724 824.500000
 725 825.500000
 726 826.500000
 727 827.500000
 728 828.500000
 729 829.500000
 730 830.500000
 731 831.500000
 732 832.500000
 733 833.500000
 734 834.500000
 735 835.500000
 736 836.500000
 737 837.500000
 738 838.500000
 739 839.500000
 740 840.500000
 741 841.500000
 742 842.500000
 743 843.500000
 744 844.500000
 745 845.500000
 746 846.500000
 747 847.500000
 748 848.500000
 749 849.500000
 750 850.000000
 751 851.000001
 752 852.000002
 753 853.000004
 754 854.000007
 755 855.000014
 756 856.000026
 757 857.000046
 758 858.000081
 759 859.000140
 760 860.000237
 761 861.000391
 762 862.000632
 763 863.000999
 764 864.001548
 765 865.002347
 766 866.003488
 767 867.005076
 768 868.007240
 769 869.010120
 770 870.013869
 771 871.018639
 772 872.024576
 773 873.031805
 774 874.040420
 775 875.050472
 776 876.061968
 777 877.074863
 778 878.089072
 779 879.104471
 780 880.120918
 781 881.138265
 782 882.156374
 783 883.175126
 784 884.194428
 785 885.214207
 786 886.234403
 787 887.254948
 788 888.275758
 789 889.296706
 790 890.317625
 791 891.338296
 792 892.358462
 793 893.377841
 794 894.396150
 795 895.413128
 796 896.428558
 797 897.442289
 798 898.454241
 799 899.464411
 800 900.472866
 801 901.479730
 802 902.485171
 803 903.489380
 804 904.492558
 805 905.494899
 806 906.496581
 807 907.497759
 808 908.498565
 809 909.499102
 810 910.499451
 811 911.499673
 812 912.499809
 813 913.499892
 814 914.499940
 815 915.499967
 816 916.499983
 817 917.499991
 818 918.499996
 819 919.499998
 820 920.499999
 821 921.500000
 822 922.500000
 823 923.500000
 824 924.500000
 825 925.500000
 826 926.500000
 827 927.500000
 828 928.500000
 829 929.500000
 830 930.500000
 831 931.500000
 832 932.500000
 833 933.500000
 834 934.500000
 835 935.500000
 836 936.500000
 837 937.500000
 838 938.500000
 839 939.500000
 840 940.500000
 841 941.500000
 842 942.500000
 843 943.500000
 844 944.500000
 845 945.500000
 846 946.500000
 847 947.500000
 848 948.500000
 849 949.500000
 850 950.500000
 851 951.500000
 852 952.500000
 853 953.500000
 854 954.500000
 855 955.500000
 856 956.500000
 857 957.500000
 858 958.500000
 859 959.500000
 860 960.500000
 861 961.500000
 862 962.500000
 863 963.500000
 864 964.499999
 865 965.499999
 866 966.499997
 867 967.499995
 868 968.499990
 869 969.499979
 870 970.499960
 871 971.499925
 872 972.499861
 873 973.499748
 874 974.499551
 875 974.999426
 876 975.999003
 877 976.998303
 878 977.997163
 879 978.995345
 880 979.992503
 881 980.988141
 882 981.981576
 883 982.971878
 884 983.957815
 885 984.937797
 886 985.909814
 887 986.871395
 888 987.819575
 889 988.750892
 890 989.661410
 891 990.546787
 892 991.402376
 893 992.223375
 894 993.004998
 895 993.742687
 896 994.432323
 897 995.070437
 898 995.654402
 899 996.182576
 900 996.654402
 901 997.070437
 902 997.432323
 903 997.742687
 904 998.004998
 905 998.223375
 906 998.402376
 907 998.546787
 908 998.661410
 909 998.750892
 910 998.819575
 911 998.871395
 912 998.909814
 913 998.937797
 914 998.957815
 915 998.971878
 916 998.981576
 917 998.988141
 918 998.992503
 919 998.995345
 920 998.997163
 921 998.998303
 922 998.999003
 923 998.999426
 924 998.999676
 925 998.999820
 926 998.999902
 927 998.999948
 928 998.999973
 929 998.999986
 930 998.999993
 931 998.999997
 932 998.999998
 933 998.999999
 934 999.000000
 935 999.000000
 936 999.000000
 937 999.000000
 938 999.000000
 939 999.000000
 940 999.000000
 941 999.000000
 942 999.000000
 943 999.000000
 944 999.000000
 945 999.000000
 946 999.000000
 947 999.000000
 948 999.000000
 949 999.000000
 950 999.000000
 951 999.000000
 952 999.000000
 953 999.000000
 954 999.000000
 955 999.000000
 956 999.000000
 957 999.000000
 958 999.000000
 959 999.000000
 960 999.000000
 961 999.000000
 962 999.000000
 963 999.000000
 964 999.000000
 965 999.000000
 966 999.000000
 967 999.000000
 968 999.000000
 969 999.000000
 970 999.000000
 971 999.000000
 972 999.000000
 973 999.000000
 974 999.000000
 975 999.000000
 976 999.000000
 977 999.000000
 978 999.000000
 979 999.000000
 980 999.000000
 981 999.000000
 982 999.000000
 983 999.000000
 984 999.000000
 985 999.000000
 986 999.000000
 987 999.000000
 988 999.000000
 989 999.000000
 990 999.000000
 991 999.000000
 992 999.000000
 993 999.000000
 994 999.000000
 995 999.000000
 996 999.000000
 997 999.000000
 998 999.000000
 999 999.000000
